Performing task 2...

Processing file all_examples_2plus.arff
Performing task 2...

Processing file all_examples_2plus.arff
Examples,Accuracy
5,84.70245795601552
10,84.60543337645537
20,84.92884864165589
30,84.21733505821474
40,85.02587322121605
50,84.41138421733505
75,84.99353169469599
100,84.50840879689521
200,84.70245795601552
500,84.37904269081501
1000,84.57309184993532
2000,84.2496765847348
3000,84.79948253557568
Performing task 2...
Performing task 2...

Processing file all_examples_2plus_no_timeseries.arff
Examples,Accuracy
5,58.99094437257438
10,58.57050452781371
20,59.120310478654595
30,58.99094437257438
40,58.69987063389392
50,58.99094437257438
75,58.667529107373866
100,59.411384217335055
200,59.08796895213454
500,57.761966364812416
1000,58.214747736093145
2000,58.95860284605433
3000,59.63777490297542
Performing task 2...

Processing file all_examples_2plus_no_timeseries_or_subreddit.arff
Examples,Accuracy
5,56.66235446313066
10,56.5006468305304
20,56.88874514877102
30,56.532988357050456
40,54.6248382923674
50,56.95342820181113
75,55.692108667529105
100,55.98318240620957
200,55.95084087968952
500,56.79172056921087
1000,57.11513583441138
2000,56.85640362225097
3000,56.01552393272962
