Performing task 2...

Processing file to_weka.arff
Examples,Accuracy
5,92.52910737386804
10,92.72315653298836
20,92.6261319534282
30,92.46442432082794
40,92.65847347994826
50,92.75549805950841
75,92.91720569210867
100,92.6261319534282
200,92.33505821474773
500,92.72315653298836
1000,92.6908150064683
2000,92.78783958602845
3000,92.72315653298836
Performing task 2...

Processing file weka_removed.arff
Examples,Accuracy
5,88.71280724450195
10,89.06856403622251
20,88.97153945666236
30,88.8745148771022
40,88.71280724450195
50,88.8098318240621
75,88.61578266494179
100,89.10090556274257
200,88.74514877102199
500,88.8745148771022
1000,88.38939197930142
2000,88.74514877102199
3000,88.8745148771022
Performing task 2...

Processing file weka_removed2.arff
Examples,Accuracy
5,88.84217335058214
10,88.45407503234152
20,88.61578266494179
30,88.42173350582148
40,88.61578266494179
50,88.61578266494179
75,88.71280724450195
100,88.71280724450195
200,88.77749029754204
500,88.35705045278137
1000,88.58344113842173
2000,88.8745148771022
3000,88.51875808538163
Performing task 2...

Processing file weka_removed3.arff
Examples,Accuracy
5,88.58344113842173
10,88.58344113842173
20,88.58344113842173
30,88.58344113842173
40,88.58344113842173
50,88.58344113842173
75,88.58344113842173
100,88.58344113842173
200,88.58344113842173
500,88.58344113842173
1000,88.51875808538163
2000,88.58344113842173
3000,88.58344113842173
